-1.2788149241560343
-0.40070087047943737
-1.1059442699484732
-3.032049518804539
-0.6779622677035761
0.12365214773366011
1.724309231081429
0.012876958038126086
-1.0620290809937936
0.6176584844516316
0.4789150791586427
-0.8913120289476001
-0.1388004673869766
1.0212035283338172
2.4445553914186187
0.6920153817214737
-1.8216193470931146
0.09568848050541295
-0.9531468903639391
-1.7689826905518575
0.49330442829569143
-0.3182724131162731
0.16602746396161833
-1.0996825992014427
0.02452707415717451
0.38207352628338054
-0.8789829308032249
-1.5878017448780017
0.3669017340286153
-0.33714443866430527
0.26897290032431936
0.6440068677728515
0.7295303343480194
-1.1677531380538255
-1.5903645874113477
-0.18512532260936262
1.1047240130511526
-0.8396465720188417
-0.8624800280308065
-1.650528128421451
-0.9581946044189289
-0.276693487888673
-0.41538259624012236
-0.8315125887710484
-0.03813554566360482
1.4031154152661187
0.23220940718969832
-0.4194031688188135
-0.4319916902214737
0.1808364494965973
-0.21566153923510664
0.5823080028249926
-0.26028847949027095
0.23592310297395763
0.7604523488391269
-0.8952245109278326
-1.2279628826614062
-0.2379448526149853
0.6124371751338831
-0.3932934579696024
0.2518438629361044
0.29685895914513294
-2.3939670878089547
-1.3945542910484263
1.6561885340082152
-0.9625208275431525
0.6737853156797214
-1.6923621153483412
-0.49940062699528837
0.783376478960412
1.22915279108454
2.2249186315764846
0.9088007724351833
1.1381208125751194
-1.2809943318412422
-0.3846423912050048
-0.847729648411977
-0.04402356162637777
-1.2952005184848767
-0.48432941383536837
2.2892571516032705
0.05088365108395221
-1.3783896412872227
0.01635478673361172
0.38270900196766455
-1.4465947521660962
0.025960376969287255
-0.5650657105923887
-0.18674535262589095
-1.1382853535898172
-1.4878533298306285
-0.3708552057704108
-1.356747048465426
0.6201220071871214
-0.6796272301769872
1.443707041068864
-0.5101036115197684
0.542615762226629
1.1992075723994797
-0.5569673015706054
-0.46425677029329543
0.8198541957198743
-0.865520976600618
-0.05008608244633468
-0.4823723952826421
-0.8783124161363375
-2.0283653076179804
-0.5850082532779669
-0.12095964934472143
1.9549623274364405
1.1982601359808944
-0.6919116527750301
0.8367279882749289
0.5857878480569568
0.5015112899223472
0.46840362792798607
-1.3200424937613755
-0.12619436645935955
0.1867008257112693
0.45873277817777
0.38060654498432067
-1.484653978724611
-1.0079389389657691
0.6705167225254228
-0.24584057384320185
1.4229014277475287
1.0153865077685105
-0.9645969902482018
0.05186975308957217
-1.3763113664079285
1.4373100020579477
-0.050590518002362556
0.23260695261085157
-0.42547134310278123
-0.8892621481074912
0.7061205889030607
0.7672454359152823
-0.07349323029095262
1.2976996373029057
-1.6032044292796737
-0.26941472264460903
0.6680997991129641
1.3580200381346477
-1.3209234816502622
0.09131997027382038
0.08183899124567287
1.6191937369196212
1.4937182914820235
-0.796391175129236
-0.20433106389379005
1.7438140289691646
0.702697593906493
0.8310969107526055
0.4385731365858532
-0.9102518001638695
0.13148835769199382
-0.5878158444286181
0.00022406991714447912
0.21524732543385217
-0.3003562871544583
1.0205292163963495
-0.6787507696270908
1.7861868050097678
-1.2645904649020274
1.1185732219229614
-0.07851909886652811
-0.4995466564292223
-1.0161804176633376
0.7641990667149264
-0.5012035371454626
-0.6481651338599586
-0.412614043989166
0.7842496121808118
1.3647308759250463
1.4870297386149636
0.04345450914146708
0.5202710501196973
0.24828521267836445
1.182011744937775
-1.2279161888935741
-0.8539845287588073
1.413049079878602
-1.5989501544911782
-0.7510249114342582
-0.06519443967415733
1.4086394549726398
0.6737978094504058
-0.6800474999872061
1.213363558415573
0.10540797987563291
-1.7137804640166334
0.26153159593081465
-1.8368118486302436
0.700676304886436
1.7581343966558087
0.6074763689300186
-0.6230590050891891
0.01438132334371546
-1.601785923844009
-0.4590257311466415
